Iteration	CPUTime	PhysTime	Travels	Value	AvValue	MinValue	MaxValue	Delta	Criteria	Progress	dGMaxMin	CriteriaType	CriteriaVarType	CriteriaPercentage
1	3	0	0.0151561558	101324.032	101324.032	101324.032	101324.032	0	0	0	0	41916.1	0	0	3
2	3	0	0.0303123116	101320.549	101322.29	101320.549	101324.032	1.7419181	0	0	0	30961.5	0	0	3
3	3	0	0.0454684674	101322.882	101322.488	101320.549	101324.032	1.7419181	0	0	0	32720.6	0	0	3
4	4	0	0.0606246232	101321.196	101322.165	101320.549	101324.032	1.86761112	0	0	0	24399.7	0	0	3
5	4	0	0.075780779	101323.579	101322.448	101320.549	101324.032	1.86761112	0	0	0	27755.7	0	0	3
6	5	0	0.0909369347	101322.034	101322.379	101320.549	101324.032	1.86761112	0	0	0	23120.4	0	0	3
7	5	0	0.106093091	101323.993	101322.609	101320.549	101324.032	1.86761112	0	0	0	26687.8	0	0	3
8	5	0	0.121249246	101322.733	101322.625	101320.549	101324.032	1.86761112	0	0	0	23882.2	0	0	3
9	6	0	0.136405402	101324.353	101322.817	101320.549	101324.353	1.86761112	0	0	0	27614	0	0	3
10	6	0	0.151561558	101322.915	101322.827	101320.549	101324.353	1.86761112	0	0	0	24729.9	0	0	3
11	6	0	0.166717714	101324.292	101322.96	101320.549	101324.353	1.86761112	0	0	0	26682.7	0	0	3
12	7	0	0.181873869	101323.199	101322.98	101320.549	101324.353	1.86761112	0	0	0	25042.9	0	0	3
13	7	0	0.197030025	101323.657	101323.032	101320.549	101324.353	1.86761112	0	0	0	24828.7	0	0	3
14	8	0	0.212186181	101322.883	101323.021	101320.549	101324.353	1.86761112	0	0	0	24003.9	0	0	3
15	8	0	0.227342337	101322.875	101323.011	101320.549	101324.353	1.86761112	0	0	0	24117.9	0	0	3
16	8	0	0.242498493	101322.329	101322.969	101320.549	101324.353	1.86761112	0	0	0	23415.9	0	0	3
17	9	0	0.257654648	101322.082	101322.917	101320.549	101324.353	1.86761112	0	0	0	23302.2	0	0	3
18	9	0	0.272810804	101321.428	101322.834	101320.549	101324.353	1.86761112	0	0	0	22867.2	0	0	3
19	9	0	0.28796696	101321.119	101322.744	101320.549	101324.353	1.86761112	0	0	0	22946.6	0	0	3
20	10	0	0.303123116	101320.746	101322.644	101320.549	101324.353	1.86761112	0	0	0	22120.1	0	0	3
21	10	0	0.318279272	101320.252	101322.53	101320.252	101324.353	1.86761112	0	0	0	21961.8	0	0	3
22	11	0	0.333435427	101319.927	101322.411	101319.927	101324.353	1.86761112	0	0	0	21586.4	0	0	3
23	11	0	0.348591583	101319.698	101322.294	101319.698	101324.353	1.86761112	0	0	0	21312.2	0	0	3
24	11	0	0.363747739	101319.371	101322.172	101319.371	101324.353	1.86761112	0	0	0	21078.5	0	0	3
25	12	0	0.378903895	101319.173	101322.052	101319.173	101324.353	1.98054615	0	0	0	20955.1	0	0	3
26	12	0	0.394060051	101318.975	101321.933	101318.975	101324.353	2.0988707	0	0	0	20846.9	0	0	3
27	13	0	0.409216206	101318.924	101321.822	101318.924	101324.353	2.21033334	0	0	0	20814.9	0	0	3
28	13	0	0.424372362	101318.9	101321.718	101318.9	101324.353	2.31470455	0	0	0	20722.5	0	0	3
29	13	0	0.439528518	101318.97	101321.623	101318.9	101324.353	2.40944826	0	0	0	20717.6	0	0	3
30	14	0	0.454684674	101319.016	101321.536	101318.9	101324.353	2.496334	0	0	0	20632.1	0	0	3
31	14	0	0.46984083	101319.182	101321.46	101318.9	101324.353	2.57225868	0	0	0	20542	0	0	3
32	15	0	0.484996985	101319.374	101321.395	101318.9	101324.353	2.63746388	0	0	0	20508.9	0	0	3
33	15	0	0.500153141	101319.497	101321.337	101318.9	101324.353	2.69498934	0	0	0	20452.9	0	0	3
34	15	0	0.515309297	101319.478	101321.199	101318.9	101324.353	1.83242088	0	0	0	20417.6	0	0	3
35	16	0	0.530465453	101319.431	101321.165	101318.9	101324.353	1.86628196	0	0	0	20341.9	0	0	3
36	16	0	0.545621608	101319.452	101321.062	101318.9	101324.353	1.97021371	0	0	0	20295.9	0	0	3
37	17	0	0.560777764	101319.448	101321.009	101318.9	101324.353	2.02318683	0	0	0	20273.1	0	0	3
38	17	0	0.57593392	101319.374	101320.881	101318.9	101324.353	2.15062682	0	0	0	20233.4	0	0	3
39	18	0	0.591090076	101319.13	101320.793	101318.9	101324.353	2.23862763	0	0	0	20185	0	0	3
40	18	0	0.606246232	101318.857	101320.638	101318.857	101324.353	2.39424368	0	0	0	20158.2	0	0	3
41	18	0	0.621402387	101318.545	101320.511	101318.545	101324.353	2.52114763	0	0	0	20120.1	0	0	3
42	19	0	0.636558543	101318.267	101320.326	101318.267	101324.292	2.7055786	0	0	0	20125.1	0	0	3
43	19	0	0.651714699	101318.003	101320.177	101318.003	101324.292	2.85441575	0	0	0	20054.5	0	0	3
44	20	0	0.666870855	101317.811	101319.981	101317.811	101323.657	3.05081238	0	0	0	20009	0	0	3
45	20	0	0.682027011	101317.628	101319.812	101317.628	101323.657	3.21963109	0	0	0	19987.7	0	0	3
46	21	0	0.697183166	101317.248	101319.618	101317.248	101322.883	3.40321468	0	0	0	19958.8	0	0	3
47	21	0	0.712339322	101316.829	101319.434	101316.829	101322.875	3.57688485	0	0	0	19934.3	0	0	3
48	21	0	0.727495478	101316.479	101319.241	101316.479	101322.329	3.7280201	0	0	0	19900.1	0	0	3
49	22	0	0.742651634	101316.166	101319.054	101316.166	101322.082	3.86261353	0	0	0	19864.1	0	0	3
50	22	0	0.75780779	101315.878	101318.866	101315.878	101321.428	3.96789747	0	0	0	19839.7	0	0	3
51	23	0	0.772963945	101315.667	101318.691	101315.667	101321.119	4.05220095	0	0	0	19812.6	0	0	3
52	23	0	0.788120101	101315.467	101318.52	101315.467	101320.746	4.12359584	0	0	0	19774.7	0	0	3
53	23	0	0.803276257	101315.311	101318.355	101315.311	101320.252	4.1744091	0	0	0	19751.8	0	0	3
54	24	0	0.818432413	101315.116	101318.2	101315.116	101319.927	4.21173064	0	0	0	19745.5	0	0	3
55	24	0	0.833588569	101314.891	101318.047	101314.891	101319.698	4.24635698	0	0	0	19736.9	0	0	3
56	25	0	0.848744724	101314.617	101317.893	101314.617	101319.497	4.27855488	0	0	0	19734.5	0	0	3
57	25	0	0.86390088	101314.36	101317.741	101314.36	101319.497	4.31043885	0	0	0	19722	0	0	3
58	25	0	0.879057036	101314.085	101317.587	101314.085	101319.497	4.34630131	0	0	0	19726.3	0	0	3
59	26	0	0.894213192	101313.901	101317.433	101313.901	101319.497	4.38859997	0	0	0	19710.3	0	0	3
60	26	0	0.909369347	101313.757	101317.277	101313.757	101319.497	4.44080878	0	0	0	19718.3	0	0	3
61	27	0	0.924525503	101313.644	101317.118	101313.644	101319.497	4.50533155	0	0	0	19699.9	0	0	3
62	27	0	0.939681659	101313.557	101316.954	101313.557	101319.497	4.5824664	0	0	0	19713.3	0	0	3
63	27	0	0.954837815	101313.538	101316.788	101313.538	101319.497	4.67256017	0	0	0	19696	0	0	3
64	28	0	0.969993971	101313.583	101316.618	101313.538	101319.497	4.77704088	0	0	0	19712.1	0	0	3
65	28	0	0.985150126	101313.689	101316.446	101313.538	101319.497	4.89176861	0	0	0	19697.7	0	0	3
66	29	0	1.00030628	101313.959	101316.278	101313.538	101319.478	4.92156801	0.324461686	0	0	19716	0	0	3
67	29	0	1.01546244	101314.385	101316.123	101313.538	101319.452	5.04205444	0.324461686	0	0	19716.9	0	0	3
68	29	0	1.03061859	101314.909	101315.986	101313.538	101319.452	5.07514544	0.324461686	0	0	19726.4	0	0	3
69	30	0	1.04577475	101315.505	101315.867	101313.538	101319.448	5.14177696	0.324461686	0	0	19762.1	0	0	3
70	30	0	1.06093091	101316.132	101315.766	101313.538	101319.374	5.11483293	0.324461686	0	0	19773.9	0	0	3
71	31	0	1.07608706	101316.739	101315.686	101313.538	101319.13	5.10666409	0.324461686	0	0	19808.4	0	0	3
72	31	0	1.09124322	101317.242	101315.629	101313.538	101318.857	5.00827167	0.324461686	0	0	19815.3	0	0	3
73	32	0	1.10639937	101317.618	101315.592	101313.538	101318.545	4.91892617	0.324461686	0	0	19846.8	0	0	3
74	32	0	1.12155553	101317.886	101315.572	101313.538	101318.267	4.72916744	0.324461686	0	0	19861.9	0	0	3
75	32	0	1.13671168	101318.03	101315.565	101313.538	101318.03	4.49233253	0.324461686	0	0	19887.4	0	0	3
76	33	0	1.15186784	101318.019	101315.565	101313.538	101318.03	4.41640772	0.324461686	0	0	19874.2	0	0	3
77	33	0	1.167024	101317.961	101315.57	101313.538	101318.03	4.247589	0.324461686	0	0	19887.7	0	0	3
78	34	0	1.18218015	101317.898	101315.578	101313.538	101318.03	4.05338672	0.324461686	0	0	19890.9	0	0	3
79	34	0	1.19733631	101317.829	101315.595	101313.538	101318.03	3.86994259	0.324461686	0	0	19899.1	0	0	3
80	34	0	1.21249246	101317.699	101315.622	101313.538	101318.03	3.67614005	0.324461686	0	0	19883	0	0	3
81	35	0	1.22764862	101317.527	101315.653	101313.538	101318.03	3.48938422	0.324461686	0	0	19893.5	0	0	3
82	35	0	1.24280477	101317.37	101315.69	101313.538	101318.03	3.30139402	0.324461686	0	0	19878	0	0	3
83	36	0	1.25796093	101317.248	101315.731	101313.538	101318.03	3.12683442	0.324461686	0	0	19898.5	0	0	3
84	36	0	1.27311709	101317.214	101315.778	101313.538	101318.03	2.95555417	0.324461686	0	0	19877.2	0	0	3
85	36	0	1.28827324	101317.235	101315.832	101313.538	101318.03	2.79085701	0.324461686	0	0	19890.7	0	0	3
86	37	0	1.3034294	101317.266	101315.891	101313.538	101318.03	2.63520667	0.324461686	0	0	19859.1	0	0	3
87	37	0	1.31858555	101317.309	101315.958	101313.538	101318.03	2.48261785	0.324461686	0	0	19858.8	0	0	3
88	38	0	1.33374171	101317.353	101316.032	101313.538	101318.03	2.32863732	0.324461686	0	0	19855.8	0	0	3
89	38	0	1.34889787	101317.355	101316.115	101313.538	101318.03	2.17680831	0.324461686	0	0	19835	0	0	3
90	38	0	1.36405402	101317.276	101316.204	101313.538	101318.03	2.0226213	0.324461686	0	0	19827.4	0	0	3
91	39	0	1.37921018	101317.165	101316.297	101313.538	101318.03	1.86886	0.324461686	0	0	19817.2	0	0	3
92	39	0	1.39436633	101317.037	101316.392	101313.538	101318.03	1.71227999	0.324461686	0	0	19813.8	0	0	3
93	40	0	1.40952249	101316.862	101316.486	101313.538	101318.03	1.55301351	0.324461686	0	0	19789.8	0	0	3
94	40	0	1.42467864	101316.671	101316.578	101313.538	101318.03	1.38899291	0.324461686	0	0	19791.9	0	0	3
95	40	0	1.4398348	101316.5	101316.667	101313.538	101318.03	1.22297446	0.324461686	0	0	19775	0	0	3
96	41	0	1.45499096	101316.402	101316.754	101313.583	101318.03	1.18921685	0.324461686	0	0	19773.5	0	0	3
97	41	0	1.47014711	101316.441	101316.84	101313.689	101318.03	1.27582885	0.324461686	0	0	19777.5	0	0	3
98	42	0	1.48530327	101316.53	101316.926	101313.959	101318.03	1.36191256	0.324461686	0	0	19777.4	0	0	3
99	42	0	1.50045942	101316.664	101317.008	101314.385	101318.03	1.44388629	0.324461686	0	0	19780.6	0	0	3
100	42	0	1.51561558	101316.733	101317.08	101314.909	101318.03	1.51505276	0.324461686	0	0	19775.7	0	0	3
101	43	0	1.53077173	101316.722	101317.135	101315.505	101318.03	1.56999497	0.324461686	0	0	19780.9	0	0	3
102	44	0	1.54592789	101316.662	101317.17	101316.132	101318.03	1.60506143	0.324461686	0	0	19779.8	0	0	3
