Iteration	CPUTime	PhysTime	Travels	Value	AvValue	MinValue	MaxValue	Delta	Criteria	Progress	dGMaxMin	CriteriaType	CriteriaVarType	CriteriaPercentage
1	3	0	0.0151561558	293.2	293.2	293.2	293.2	0	0	0	0	0.0010296	0	0	3
2	3	0	0.0303123116	293.2	293.2	293.2	293.2	3.97330382e-08	0	0	0	0.00126781	0	0	3
3	3	0	0.0454684674	293.2	293.2	293.2	293.2	8.18606054e-08	0	0	0	0.00148158	0	0	3
4	4	0	0.0606246232	293.2	293.2	293.2	293.2	1.22663096e-07	0	0	0	0.00175865	0	0	3
5	4	0	0.075780779	293.2	293.2	293.2	293.2	1.6311202e-07	0	0	0	0.0019757	0	0	3
6	5	0	0.0909369347	293.2	293.2	293.2	293.2	2.11899646e-07	0	0	0	0.00224474	0	0	3
7	5	0	0.106093091	293.200001	293.2	293.2	293.200001	2.69526367e-07	0	0	0	0.00246923	0	0	3
8	5	0	0.121249246	293.200001	293.2	293.2	293.200001	3.31036858e-07	0	0	0	0.00257946	0	0	3
9	6	0	0.136405402	293.200001	293.2	293.2	293.200001	3.95048346e-07	0	0	0	0.00266331	0	0	3
10	6	0	0.151561558	293.200001	293.200001	293.2	293.200001	4.59238379e-07	0	0	0	0.00273649	0	0	3
11	6	0	0.166717714	293.200001	293.200001	293.2	293.200001	5.33468437e-07	0	0	0	0.00276586	0	0	3
12	7	0	0.181873869	293.200002	293.200001	293.2	293.200002	6.43408157e-07	0	0	0	0.00301585	0	0	3
13	7	0	0.197030025	293.200002	293.200001	293.2	293.200002	7.56206987e-07	0	0	0	0.00349628	0	0	3
14	8	0	0.212186181	293.200003	293.200001	293.2	293.200003	8.90140086e-07	0	0	0	0.0038803	0	0	3
15	8	0	0.227342337	293.200003	293.200001	293.2	293.200003	1.02951526e-06	0	0	0	0.00434475	0	0	3
16	8	0	0.242498493	293.200004	293.200001	293.2	293.200004	1.18720226e-06	0	0	0	0.00484844	0	0	3
17	9	0	0.257654648	293.200004	293.200001	293.2	293.200004	1.35104438e-06	0	0	0	0.00518232	0	0	3
18	9	0	0.272810804	293.200004	293.200002	293.2	293.200004	1.51936013e-06	0	0	0	0.00548911	0	0	3
19	9	0	0.28796696	293.200005	293.200002	293.2	293.200005	1.6832409e-06	0	0	0	0.00567364	0	0	3
20	10	0	0.303123116	293.200005	293.200002	293.2	293.200005	1.84123081e-06	0	0	0	0.00587413	0	0	3
21	10	0	0.318279272	293.200005	293.200002	293.2	293.200005	1.99933504e-06	0	0	0	0.00607509	0	0	3
22	11	0	0.333435427	293.200006	293.200002	293.2	293.200006	2.16260742e-06	0	0	0	0.00623011	0	0	3
23	11	0	0.348591583	293.200006	293.200002	293.2	293.200006	2.33838222e-06	0	0	0	0.00631655	0	0	3
24	11	0	0.363747739	293.200007	293.200003	293.2	293.200007	2.53245611e-06	0	0	0	0.00639388	0	0	3
25	12	0	0.378903895	293.200008	293.200003	293.2	293.200008	2.74552747e-06	0	0	0	0.00643352	0	0	3
26	12	0	0.394060051	293.200009	293.200003	293.2	293.200009	2.98761387e-06	0	0	0	0.00648059	0	0	3
27	13	0	0.409216206	293.20001	293.200003	293.2	293.20001	3.24658834e-06	0	0	0	0.00650864	0	0	3
28	13	0	0.424372362	293.200011	293.200004	293.2	293.200011	3.51071998e-06	0	0	0	0.00651437	0	0	3
29	13	0	0.439528518	293.200011	293.200004	293.2	293.200011	3.77201872e-06	0	0	0	0.00651	0	0	3
30	14	0	0.454684674	293.200011	293.200004	293.2	293.200011	4.02626102e-06	0	0	0	0.00652786	0	0	3
31	14	0	0.46984083	293.200012	293.200004	293.2	293.200012	4.27511787e-06	0	0	0	0.00651206	0	0	3
32	15	0	0.484996985	293.200012	293.200005	293.2	293.200012	4.51776225e-06	0	0	0	0.00651428	0	0	3
33	15	0	0.500153141	293.200012	293.200005	293.2	293.200012	4.75511553e-06	0	0	0	0.00650997	0	0	3
34	15	0	0.515309297	293.200013	293.200005	293.2	293.200013	5.09880147e-06	0	0	0	0.00650722	0	0	3
35	16	0	0.530465453	293.200013	293.200006	293.2	293.200013	5.44611243e-06	0	0	0	0.00648869	0	0	3
36	16	0	0.545621608	293.200013	293.200006	293.2	293.200013	5.80160633e-06	0	0	0	0.00648007	0	0	3
37	17	0	0.560777764	293.200014	293.200006	293.2	293.200014	6.16359318e-06	0	0	0	0.00646778	0	0	3
38	17	0	0.57593392	293.200014	293.200007	293.2	293.200014	6.52217955e-06	0	0	0	0.00647863	0	0	3
39	18	0	0.591090076	293.200014	293.200007	293.200001	293.200014	6.87506054e-06	0	0	0	0.00647205	0	0	3
40	18	0	0.606246232	293.200014	293.200008	293.200001	293.200014	7.22537214e-06	0	0	0	0.00646865	0	0	3
41	18	0	0.621402387	293.200014	293.200008	293.200001	293.200014	7.5746679e-06	0	0	0	0.00645294	0	0	3
42	19	0	0.636558543	293.200015	293.200008	293.200001	293.200015	7.92429501e-06	0	0	0	0.00646696	0	0	3
43	19	0	0.651714699	293.200015	293.200009	293.200001	293.200015	8.26387361e-06	0	0	0	0.00646736	0	0	3
44	20	0	0.666870855	293.200015	293.200009	293.200002	293.200015	8.56316143e-06	0	0	0	0.00646135	0	0	3
45	20	0	0.682027011	293.200015	293.20001	293.200002	293.200015	8.84500002e-06	0	0	0	0.00645803	0	0	3
46	21	0	0.697183166	293.200015	293.20001	293.200003	293.200015	9.10052847e-06	0	0	0	0.00645602	0	0	3
47	21	0	0.712339322	293.200015	293.20001	293.200003	293.200015	9.33758872e-06	0	0	0	0.00644521	0	0	3
48	21	0	0.727495478	293.200015	293.200011	293.200004	293.200015	9.54673305e-06	0	0	0	0.00644078	0	0	3
49	22	0	0.742651634	293.200015	293.200011	293.200004	293.200015	9.73367207e-06	0	0	0	0.00644468	0	0	3
50	22	0	0.75780779	293.200015	293.200011	293.200004	293.200015	9.9047345e-06	0	0	0	0.00643804	0	0	3
51	23	0	0.772963945	293.200015	293.200012	293.200005	293.200015	1.00688356e-05	0	0	0	0.00644296	0	0	3
52	23	0	0.788120101	293.200015	293.200012	293.200005	293.200015	1.02328571e-05	0	0	0	0.00644131	0	0	3
53	23	0	0.803276257	293.200015	293.200012	293.200005	293.200015	1.01403316e-05	0	0	0	0.00643111	0	0	3
54	24	0	0.818432413	293.200015	293.200013	293.200006	293.200015	9.77091003e-06	0	0	0	0.00643456	0	0	3
55	24	0	0.833588569	293.200015	293.200013	293.200006	293.200015	9.21377301e-06	0	0	0	0.00642616	0	0	3
56	25	0	0.848744724	293.200016	293.200013	293.200007	293.200016	8.48859759e-06	0	0	0	0.00642938	0	0	3
57	25	0	0.86390088	293.200016	293.200014	293.200008	293.200016	7.66512505e-06	0	0	0	0.00643379	0	0	3
58	25	0	0.879057036	293.200016	293.200014	293.200009	293.200016	6.54804421e-06	0	0	0	0.0064299	0	0	3
59	26	0	0.894213192	293.200016	293.200014	293.20001	293.200016	5.63892451e-06	0	0	0	0.00642404	0	0	3
60	26	0	0.909369347	293.200016	293.200014	293.200011	293.200016	5.01185161e-06	0	0	0	0.00643728	0	0	3
61	27	0	0.924525503	293.200016	293.200014	293.200011	293.200016	4.59399502e-06	0	0	0	0.00641487	0	0	3
62	27	0	0.939681659	293.200016	293.200014	293.200011	293.200016	4.3098878e-06	0	0	0	0.00641828	0	0	3
63	27	0	0.954837815	293.200016	293.200015	293.200012	293.200016	3.99310045e-06	0	0	0	0.00641329	0	0	3
64	28	0	0.969993971	293.200016	293.200015	293.200012	293.200016	3.69933747e-06	0	0	0	0.00641879	0	0	3
65	28	0	0.985150126	293.200016	293.200015	293.200012	293.200016	3.41684887e-06	0	0	0	0.00641038	0	0	3
66	29	0	1.00030628	293.200016	293.200015	293.200013	293.200016	3.11444524e-06	2.93200016e-06	0	0	0.00641056	0	0	3
67	29	0	1.01546244	293.200016	293.200015	293.200013	293.200016	2.83633528e-06	2.93200016e-06	0	0	0.0064044	0	0	3
68	29	0	1.03061859	293.200016	293.200015	293.200013	293.200016	2.52337264e-06	2.93200016e-06	0	0	0.0064032	0	0	3
69	30	0	1.04577475	293.200016	293.200015	293.200014	293.200016	2.24182168e-06	2.93200016e-06	0	0	0.00640095	0	0	3
70	30	0	1.06093091	293.200016	293.200015	293.200014	293.200016	1.9990182e-06	2.93200016e-06	0	0	0.00640237	0	0	3
71	31	0	1.07608706	293.200016	293.200015	293.200014	293.200016	1.76468035e-06	2.93200016e-06	0	0	0.00639558	0	0	3
72	31	0	1.09124322	293.200016	293.200015	293.200014	293.200016	1.56185735e-06	2.93200016e-06	0	0	0.00640217	0	0	3
73	32	0	1.10639937	293.200016	293.200015	293.200014	293.200016	1.36652062e-06	2.93200016e-06	0	0	0.00639291	0	0	3
74	32	0	1.12155553	293.200016	293.200015	293.200015	293.200016	1.20416502e-06	2.93200016e-06	0	0	0.00640908	0	0	3
75	32	0	1.13671168	293.200015	293.200015	293.200015	293.200016	1.07463779e-06	2.93200015e-06	0	0	0.00639966	0	0	3
76	33	0	1.15186784	293.200015	293.200015	293.200015	293.200016	9.86991722e-07	2.93200015e-06	0	0	0.00640242	0	0	3
77	33	0	1.167024	293.200015	293.200016	293.200015	293.200016	8.91491425e-07	2.93200015e-06	0	0	0.00639002	0	0	3
78	34	0	1.18218015	293.200015	293.200016	293.200015	293.200016	8.05246032e-07	2.93200015e-06	0	0	0.00640548	0	0	3
79	34	0	1.19733631	293.200015	293.200016	293.200015	293.200016	7.13633256e-07	2.93200015e-06	0	0	0.00639198	0	0	3
80	34	0	1.21249246	293.200015	293.200016	293.200015	293.200016	6.81068627e-07	2.93200015e-06	0	0	0.00640225	0	0	3
81	35	0	1.22764862	293.200015	293.200016	293.200015	293.200016	6.69026633e-07	2.93200015e-06	0	0	0.00639818	0	0	3
82	35	0	1.24280477	293.200015	293.200016	293.200015	293.200016	6.91744447e-07	2.93200015e-06	0	0	0.00640859	0	0	3
83	36	0	1.25796093	293.200015	293.200016	293.200015	293.200016	7.00910846e-07	2.93200015e-06	0	0	0.00639629	0	0	3
84	36	0	1.27311709	293.200015	293.200016	293.200015	293.200016	7.34811408e-07	2.93200015e-06	0	0	0.00640847	0	0	3
85	36	0	1.28827324	293.200015	293.200015	293.200015	293.200016	7.56640077e-07	2.93200015e-06	0	0	0.00639762	0	0	3
86	37	0	1.3034294	293.200015	293.200015	293.200015	293.200016	7.66064659e-07	2.93200015e-06	0	0	0.00640582	0	0	3
87	37	0	1.31858555	293.200015	293.200015	293.200015	293.200016	7.73413433e-07	2.93200015e-06	0	0	0.00642066	0	0	3
88	38	0	1.33374171	293.200015	293.200015	293.200015	293.200016	7.73413433e-07	2.93200015e-06	0	0	0.00640722	0	0	3
89	38	0	1.34889787	293.200015	293.200015	293.200015	293.200016	7.73413433e-07	2.93200015e-06	0	0	0.00640038	0	0	3
90	38	0	1.36405402	293.200015	293.200015	293.200015	293.200016	7.73413433e-07	2.93200015e-06	0	0	0.00640522	0	0	3
91	39	0	1.37921018	293.200015	293.200015	293.200015	293.200016	7.73413433e-07	2.93200015e-06	0	0	0.00640787	0	0	3
92	39	0	1.39436633	293.200015	293.200015	293.200015	293.200016	7.73413433e-07	2.93200015e-06	0	0	0.00640996	0	0	3
93	40	0	1.40952249	293.200015	293.200015	293.200015	293.200016	7.73413433e-07	2.93200015e-06	0	0	0.0064118	0	0	3
94	40	0	1.42467864	293.200015	293.200015	293.200015	293.200016	7.73413433e-07	2.93200015e-06	0	0	0.00641631	0	0	3
95	40	0	1.4398348	293.200015	293.200015	293.200015	293.200016	7.73413433e-07	2.93200015e-06	0	0	0.00641524	0	0	3
96	41	0	1.45499096	293.200015	293.200015	293.200015	293.200016	7.73413433e-07	2.93200015e-06	0	0	0.00640617	0	0	3
97	41	0	1.47014711	293.200015	293.200015	293.200015	293.200016	6.71917803e-07	2.93200015e-06	0	0	0.00638851	0	0	3
98	42	0	1.48530327	293.200015	293.200015	293.200015	293.200016	5.68970961e-07	2.93200015e-06	0	0	0.00640068	0	0	3
99	42	0	1.50045942	293.200015	293.200015	293.200015	293.200016	4.75366562e-07	2.93200015e-06	0	0	0.00639952	0	0	3
100	42	0	1.51561558	293.200015	293.200015	293.200015	293.200016	3.90982393e-07	2.93200015e-06	0	0	0.00641045	0	0	3
101	43	0	1.53077173	293.200015	293.200015	293.200015	293.200016	3.16780074e-07	2.93200015e-06	0	0	0.00639849	0	0	3
102	44	0	1.54592789	293.200015	293.200015	293.200015	293.200016	2.53622318e-07	2.93200015e-06	0	0	0.00640592	0	0	3
